position: 
  x: 0.07838876240006157
  y: 0.01848959491633201
  z: 1.427019330331182
orientation: 
  x: 2.4840830476407117e-15
  y: -1.0775056735095122e-15
  z: 0.026552625540912117
  w: 0.9996474168810143
---
